GROUP
LINE 20.0 48.3871 0.0 58.064503 0.0
LINE 20.0 43.548386 1.2962965 64.51611 1.2962965
LINE 20.0 38.70968 2.592593 48.3871 2.592593
LINE 20.0 61.29033 2.592593 67.59999 2.6000006
LINE 20.0 35.483864 3.8888865 43.548386 3.8888865
LINE 20.0 29.032242 5.185186 38.70968 5.185186
LINE 20.0 27.419355 6.481484 35.483864 6.481484
LINE 20.0 24.193546 7.777773 32.258064 7.777773
LINE 20.0 22.580647 9.074072 30.645168 9.074072
LINE 20.0 20.967743 10.370372 27.419353 10.370372
LINE 20.0 19.354836 11.666672 25.806463 11.666672
LINE 20.0 17.741936 12.962965 22.580647 12.962965
LINE 20.0 16.129032 14.259246 20.967743 14.259246
LINE 20.0 14.51613 15.555556 19.354836 15.555556
LINE 20.0 14.51613 16.851852 17.741936 16.851852
LINE 20.0 12.903232 18.148142 16.129032 18.148142
LINE 20.0 11.290323 19.444447 14.51613 19.444447
LINE 20.0 11.290323 20.740744 14.51613 20.740744
LINE 20.0 9.67742 22.037056 12.903232 22.037056
LINE 20.0 9.67742 23.333336 12.903232 23.333336
LINE 20.0 91.93547 23.333336 95.161285 23.333336
LINE 20.0 8.064516 24.62962 11.290323 24.62962
LINE 20.0 91.93547 24.62962 95.161285 24.62962
LINE 20.0 8.064516 25.925915 11.290323 25.925915
LINE 20.0 91.93547 25.925915 95.161285 25.925915
LINE 20.0 6.451616 27.222208 9.67742 27.222208
LINE 20.0 93.548386 27.222208 96.774185 27.222208
LINE 20.0 6.451616 28.518518 9.67742 28.518518
LINE 20.0 93.548386 28.518518 96.774185 28.518518
LINE 20.0 6.451616 29.814825 12.903232 29.814825
LINE 20.0 93.548386 29.814825 96.774185 29.814825
LINE 20.0 6.451616 31.111092 12.903232 31.111092
LINE 20.0 22.580647 31.111092 25.806463 31.111092
LINE 20.0 93.548386 31.111092 98.387085 31.111092
LINE 20.0 4.83871 32.407406 14.51613 32.407406
LINE 20.0 22.580647 32.407406 27.419355 32.407406
LINE 20.0 93.548386 32.407406 98.387085 32.407406
LINE 20.0 4.83871 33.7037 14.51613 33.7037
LINE 20.0 22.580647 33.7037 27.419355 33.7037
LINE 20.0 94.051605 33.8 97.277405 33.8
LINE 20.0 4.83871 35.0 12.903232 35.0
LINE 20.0 24.19355 35.0 27.419355 35.0
LINE 20.0 94.051605 35.0963 97.277405 35.0963
LINE 20.0 3.225808 36.296284 12.903232 36.296284
LINE 20.0 24.193548 36.296284 29.032253 36.296284
LINE 20.0 94.051605 36.399998 97.277405 36.399998
LINE 20.0 3.225808 37.592594 11.290323 37.592594
LINE 20.0 24.193548 37.592594 29.032253 37.592594
LINE 20.0 94.0 37.592594 97.2258 37.592594
LINE 20.0 3.225808 38.888893 12.903232 38.888893
LINE 20.0 24.193548 38.888893 29.032253 38.888893
LINE 20.0 94.0 38.888893 97.2258 38.888893
LINE 20.0 1.612904 40.185184 12.903232 40.185184
LINE 20.0 24.193548 40.185184 29.032253 40.185184
LINE 20.0 94.0 40.185184 97.2258 40.185184
LINE 20.0 1.612904 41.481487 12.903232 41.481487
LINE 20.0 24.193548 41.481487 29.032253 41.481487
LINE 20.0 93.548386 41.481487 96.774185 41.481487
LINE 20.0 1.612904 42.777786 11.290323 42.777786
LINE 20.0 24.193548 42.777786 29.032253 42.777786
LINE 20.0 93.548386 42.777786 96.774185 42.777786
LINE 20.0 0.0 44.074074 11.290323 44.074074
LINE 20.0 24.193548 44.074074 29.03226 44.074074
LINE 20.0 93.548386 44.074074 96.77419 44.074074
LINE 20.0 0.0 45.370377 11.290323 45.370377
LINE 20.0 24.193548 45.370377 29.03226 45.370377
LINE 20.0 35.48387 45.370377 38.70968 45.370377
LINE 20.0 93.548386 45.370377 96.77419 45.370377
LINE 20.0 0.0 46.66667 14.51613 46.66667
LINE 20.0 24.193548 46.66667 27.419353 46.66667
LINE 20.0 32.258064 46.66667 43.548386 46.66667
LINE 20.0 93.548386 46.66667 96.77419 46.66667
LINE 20.0 0.0 47.962967 17.741936 47.962967
LINE 20.0 22.580647 47.962967 27.419353 47.962967
LINE 20.0 30.645163 47.962967 37.096775 47.962967
LINE 20.0 38.70968 47.962967 48.387096 47.962967
LINE 20.0 82.258064 47.962967 88.70968 47.962967
LINE 20.0 93.548386 47.962967 96.77419 47.962967
LINE 20.0 3.225808 49.25924 27.419353 49.25924
LINE 20.0 29.03226 49.25924 32.258064 49.25924
LINE 20.0 35.48387 49.25924 50.000008 49.25924
LINE 20.0 79.03226 49.25924 85.48387 49.25924
LINE 20.0 93.548386 49.25924 96.77419 49.25924
LINE 20.0 3.225808 50.555557 16.129032 50.555557
LINE 20.0 17.741936 50.555557 40.322582 50.555557
LINE 20.0 43.548386 50.555557 53.225796 50.555557
LINE 20.0 75.80644 50.555557 88.70968 50.555557
LINE 20.0 93.548386 50.555557 96.77419 50.555557
LINE 20.0 1.612904 51.85186 16.129032 51.85186
LINE 20.0 20.967741 51.85186 35.48387 51.85186
LINE 20.0 46.77419 51.85186 56.451614 51.85186
LINE 20.0 72.580635 51.85186 91.93548 51.85186
LINE 20.0 93.548386 51.85186 98.38709 51.85186
LINE 20.0 0.0 53.14816 16.129032 53.14816
LINE 20.0 22.580647 53.14816 32.258064 53.14816
LINE 20.0 35.48387 53.14816 66.12903 53.14816
LINE 20.0 69.354836 53.14816 83.870964 53.14816
LINE 20.0 88.70968 53.14816 100.0 53.14816
LINE 20.0 0.0 54.444416 16.129032 54.444416
LINE 20.0 24.193548 54.444416 30.645163 54.444416
LINE 20.0 32.258064 54.444416 87.09677 54.444416
LINE 20.0 91.93548 54.444416 100.0 54.444416
LINE 20.0 0.0 55.740753 17.741936 55.740753
LINE 20.0 25.806454 55.740753 29.032257 55.740753
LINE 20.0 30.645163 55.740753 46.77419 55.740753
LINE 20.0 48.387096 55.740753 79.03226 55.740753
LINE 20.0 82.258064 55.740753 88.70968 55.740753
LINE 20.0 91.93548 55.740753 100.0 55.740753
LINE 20.0 0.0 57.037037 17.741936 57.037037
LINE 20.0 25.806454 57.037037 29.032257 57.037037
LINE 20.0 30.645163 57.037037 35.48387 57.037037
LINE 20.0 37.096775 57.037037 45.16129 57.037037
LINE 20.0 50.0 57.037037 61.290318 57.037037
LINE 20.0 64.51612 57.037037 69.354836 57.037037
LINE 20.0 74.193535 57.037037 82.258064 57.037037
LINE 20.0 83.870964 57.037037 88.70968 57.037037
LINE 20.0 91.93548 57.037037 96.77419 57.037037
LINE 20.0 0.0 58.333305 19.354837 58.333305
LINE 20.0 27.419355 58.333305 35.48387 58.333305
LINE 20.0 40.322582 58.333305 41.935482 58.333305
LINE 20.0 50.0 58.333305 59.677418 58.333305
LINE 20.0 66.12903 58.333305 69.354836 58.333305
LINE 20.0 75.80644 58.333305 80.645164 58.333305
LINE 20.0 83.870964 58.333305 88.70968 58.333305
LINE 20.0 91.93548 58.333305 96.77419 58.333305
LINE 20.0 0.0 59.62965 20.967741 59.62965
LINE 20.0 27.419355 59.62965 37.096775 59.62965
LINE 20.0 48.387096 59.62965 59.677418 59.62965
LINE 20.0 66.12903 59.62965 69.354836 59.62965
LINE 20.0 74.193535 59.62965 75.80644 59.62965
LINE 20.0 77.41935 59.62965 79.03226 59.62965
LINE 20.0 83.870964 59.62965 87.09677 59.62965
LINE 20.0 90.322586 59.62965 96.77419 59.62965
LINE 20.0 0.0 60.92591 22.580647 60.92591
LINE 20.0 27.419355 60.92591 30.645163 60.92591
LINE 20.0 32.258064 60.92591 40.322582 60.92591
LINE 20.0 45.16129 60.92591 51.6129 60.92591
LINE 20.0 53.225803 60.92591 59.677418 60.92591
LINE 20.0 66.12903 60.92591 69.354836 60.92591
LINE 20.0 72.580635 60.92591 85.48387 60.92591
LINE 20.0 90.322586 60.92591 96.77419 60.92591
LINE 20.0 0.0 62.222225 22.580647 62.222225
LINE 20.0 27.419355 62.222225 32.258064 62.222225
LINE 20.0 33.870964 62.222225 50.0 62.222225
LINE 20.0 53.225803 62.222225 59.677418 62.222225
LINE 20.0 67.74193 62.222225 69.354836 62.222225
LINE 20.0 74.193535 62.222225 85.48387 62.222225
LINE 20.0 90.322586 62.222225 95.16129 62.222225
LINE 20.0 0.0 63.51854 22.580647 63.51854
LINE 20.0 29.032257 63.51854 32.258064 63.51854
LINE 20.0 37.096775 63.51854 46.77419 63.51854
LINE 20.0 53.225803 63.51854 59.677418 63.51854
LINE 20.0 67.74193 63.51854 69.354836 63.51854
LINE 20.0 75.80644 63.51854 83.870964 63.51854
LINE 20.0 90.322586 63.51854 95.16129 63.51854
LINE 20.0 0.0 64.81481 22.580647 64.81481
LINE 20.0 30.645163 64.81481 33.870964 64.81481
LINE 20.0 53.225803 64.81481 59.677418 64.81481
LINE 20.0 67.74193 64.81481 69.354836 64.81481
LINE 20.0 77.41935 64.81481 82.258064 64.81481
LINE 20.0 90.322586 64.81481 93.548386 64.81481
LINE 20.0 1.6129034 66.111115 24.193548 66.111115
LINE 20.0 30.645163 66.111115 33.870964 66.111115
LINE 20.0 51.6129 66.111115 59.677418 66.111115
LINE 20.0 67.74193 66.111115 70.96774 66.111115
LINE 20.0 90.322586 66.111115 93.548386 66.111115
LINE 20.0 1.6129034 67.4074 25.806454 67.4074
LINE 20.0 32.258064 67.4074 35.48387 67.4074
LINE 20.0 50.0 67.4074 59.677418 67.4074
LINE 20.0 69.354836 67.4074 70.96774 67.4074
LINE 20.0 90.322586 67.4074 91.93548 67.4074
LINE 20.0 3.2258067 68.70369 27.419355 68.70369
LINE 20.0 33.870964 68.70369 38.70968 68.70369
LINE 20.0 46.77419 68.70369 59.677418 68.70369
LINE 20.0 69.354836 68.70369 72.580635 68.70369
LINE 20.0 88.70968 68.70369 91.93548 68.70369
LINE 20.0 4.8387094 70.0 30.645163 70.0
LINE 20.0 35.48387 70.0 48.387096 70.0
LINE 20.0 50.0 70.0 59.677418 70.0
LINE 20.0 70.96774 70.0 75.80644 70.0
LINE 20.0 85.48387 70.0 90.322586 70.0
LINE 20.0 4.8387094 71.2963 33.870964 71.2963
LINE 20.0 38.70968 71.2963 45.16129 71.2963
LINE 20.0 50.0 71.2963 59.677418 71.2963
LINE 20.0 72.580635 71.2963 87.09677 71.2963
LINE 20.0 4.8387094 72.592575 35.48387 72.592575
LINE 20.0 50.0 72.592575 58.064514 72.592575
LINE 20.0 75.80644 72.592575 77.41935 72.592575
LINE 20.0 4.8387094 73.888885 22.580647 73.888885
LINE 20.0 48.387096 73.888885 58.064514 73.888885
LINE 20.0 4.8387094 75.1852 20.967741 75.1852
LINE 20.0 48.387096 75.1852 59.677418 75.1852
LINE 20.0 4.8387094 76.48148 19.354837 76.48148
LINE 20.0 48.387096 76.48148 62.90322 76.48148
LINE 20.0 4.8387094 77.77779 19.354837 77.77779
LINE 20.0 48.387096 77.77779 62.90322 77.77779
LINE 20.0 4.8387094 79.074066 20.967741 79.074066
LINE 20.0 50.0 79.074066 66.12903 79.074066
LINE 20.0 4.8387094 80.37037 20.967741 80.37037
LINE 20.0 50.0 80.37037 67.74193 80.37037
LINE 20.0 4.8387094 81.66668 20.967741 81.66668
LINE 20.0 53.225803 81.66668 64.51612 81.66668
LINE 20.0 4.8387094 82.962975 19.354837 82.962975
LINE 20.0 56.451614 82.962975 58.064514 82.962975
LINE 20.0 4.8387094 84.259254 17.741936 84.259254
LINE 20.0 4.8387094 85.55556 17.741936 85.55556
LINE 20.0 4.8387094 86.85186 17.741936 86.85186
LINE 20.0 6.4516134 88.148155 19.354837 88.148155
LINE 20.0 6.4516134 89.44445 19.354837 89.44445
LINE 20.0 6.4516134 90.740746 20.967741 90.740746
LINE 20.0 48.387096 90.740746 59.677418 90.740746
LINE 20.0 64.51612 90.740746 67.74193 90.740746
LINE 20.0 6.4516134 92.03705 22.580647 92.03705
LINE 20.0 41.935482 92.03705 72.580635 92.03705
LINE 20.0 8.064516 93.33331 22.580647 93.33331
LINE 20.0 41.935482 93.33331 46.77419 93.33331
LINE 20.0 56.451614 93.33331 64.51612 93.33331
LINE 20.0 69.354836 93.33331 75.80644 93.33331
LINE 20.0 8.064516 94.62961 24.193548 94.62961
LINE 20.0 43.548386 94.62961 46.77419 94.62961
LINE 20.0 72.580635 94.62961 74.193535 94.62961
LINE 20.0 8.064516 95.92593 24.193548 95.92593
LINE 20.0 43.548386 95.92593 48.387096 95.92593
LINE 20.0 70.96774 95.92593 72.580635 95.92593
LINE 20.0 9.677419 97.22221 25.806454 97.22221
LINE 20.0 45.16129 97.22221 50.0 97.22221
LINE 20.0 67.74193 97.22221 70.96774 97.22221
LINE 20.0 9.677419 98.51851 27.419355 98.51851
LINE 20.0 46.77419 98.51851 54.8387 98.51851
LINE 20.0 64.51612 98.51851 69.354836 98.51851
LINE 20.0 11.290323 99.81483 29.032257 99.81483
LINE 20.0 50.0 99.81483 66.12903 99.81483
LINE 20.0 11.290323 101.11113 30.645163 101.11113
LINE 20.0 53.225803 101.11113 62.90322 101.11113
LINE 20.0 12.903227 102.40741 32.258064 102.40741
LINE 20.0 12.903227 103.703705 33.870964 103.703705
LINE 20.0 77.41935 103.703705 79.03226 103.703705
LINE 20.0 14.516129 105.0 37.096775 105.0
LINE 20.0 75.80644 105.0 79.03226 105.0
LINE 20.0 16.129032 106.2963 38.70968 106.2963
LINE 20.0 74.193535 106.2963 79.03226 106.2963
LINE 20.0 19.354837 107.5926 40.322582 107.5926
LINE 20.0 72.580635 107.5926 77.41935 107.5926
LINE 20.0 20.967741 108.888885 43.548386 108.888885
LINE 20.0 70.96774 108.888885 75.80644 108.888885
LINE 20.0 22.580647 110.18519 46.77419 110.18519
LINE 20.0 69.354836 110.18519 74.193535 110.18519
LINE 20.0 24.193548 111.48147 51.6129 111.48147
LINE 20.0 66.12903 111.48147 72.580635 111.48147
LINE 20.0 27.419355 112.77778 70.96774 112.77778
LINE 20.0 32.258064 114.07407 67.74193 114.07407
LINE 20.0 37.096775 115.37036 64.51612 115.37036
LINE 20.0 29.032257 116.666664 32.258064 116.666664
LINE 20.0 43.548386 116.666664 58.064514 116.666664
LINE 20.0 69.354836 116.666664 75.80644 116.666664
LINE 20.0 25.806454 117.962975 29.032257 117.962975
LINE 20.0 30.645163 117.962975 37.096775 117.962975
LINE 20.0 66.12903 117.962975 70.96774 117.962975
LINE 20.0 24.193548 119.259254 27.419355 119.259254
LINE 20.0 35.48387 119.259254 40.322582 119.259254
LINE 20.0 62.90322 119.259254 67.74193 119.259254
LINE 20.0 77.41935 119.259254 79.03226 119.259254
LINE 20.0 24.193548 120.55557 27.419355 120.55557
LINE 20.0 37.096775 120.55557 45.16129 120.55557
LINE 20.0 46.77419 120.55557 54.8387 120.55557
LINE 20.0 59.677418 120.55557 64.51612 120.55557
LINE 20.0 69.354836 120.55557 70.96774 120.55557
LINE 20.0 72.580635 120.55557 79.03226 120.55557
LINE 20.0 24.193548 121.85184 51.6129 121.85184
LINE 20.0 53.225803 121.85184 79.03226 121.85184
LINE 20.0 24.193548 123.148155 27.419355 123.148155
LINE 20.0 43.548386 123.148155 46.77419 123.148155
LINE 20.0 56.451614 123.148155 61.290318 123.148155
LINE 20.0 77.41935 123.148155 80.645164 123.148155
LINE 20.0 24.193548 124.44445 27.419355 124.44445
LINE 20.0 43.548386 124.44445 46.77419 124.44445
LINE 20.0 56.451614 124.44445 59.677418 124.44445
LINE 20.0 79.03226 124.44445 80.645164 124.44445
LINE 20.0 24.193548 125.740746 27.419355 125.740746
LINE 20.0 43.548386 125.740746 46.77419 125.740746
LINE 20.0 58.064514 125.740746 59.677418 125.740746
LINE 20.0 79.03226 125.740746 80.645164 125.740746
LINE 20.0 24.193548 127.03703 27.419355 127.03703
LINE 20.0 43.548386 127.03703 46.77419 127.03703
LINE 20.0 58.064514 127.03703 61.290318 127.03703
LINE 20.0 79.03226 127.03703 80.645164 127.03703
LINE 20.0 24.193548 128.33334 27.419355 128.33334
LINE 20.0 45.16129 128.33334 46.77419 128.33334
LINE 20.0 58.064514 128.33334 61.290318 128.33334
LINE 20.0 79.03226 128.33334 80.645164 128.33334
LINE 20.0 24.193548 129.62962 27.419355 129.62962
LINE 20.0 45.16129 129.62962 46.77419 129.62962
LINE 20.0 58.064514 129.62962 61.290318 129.62962
LINE 20.0 79.03226 129.62962 80.645164 129.62962
LINE 20.0 24.193548 130.92593 27.419355 130.92593
LINE 20.0 45.16129 130.92593 46.77419 130.92593
LINE 20.0 59.677418 130.92593 80.645164 130.92593
LINE 20.0 24.193548 132.22223 25.806454 132.22223
LINE 20.0 45.16129 132.22223 48.387096 132.22223
LINE 20.0 58.064514 132.22223 77.41935 132.22223
LINE 20.0 24.193548 133.51852 27.419355 133.51852
LINE 20.0 29.032257 133.51852 62.90322 133.51852
LINE 20.0 75.80644 133.51852 77.41935 133.51852
LINE 20.0 24.193548 134.8148 35.48387 134.8148
LINE 20.0 41.935482 134.8148 58.064514 134.8148
LINE 20.0 62.90322 134.8148 67.74193 134.8148
LINE 20.0 74.193535 134.8148 77.41935 134.8148
LINE 20.0 24.193548 136.11111 29.032257 136.11111
LINE 20.0 38.70968 136.11111 41.935482 136.11111
LINE 20.0 66.12903 136.11111 75.80644 136.11111
LINE 20.0 25.806454 137.4074 30.645163 137.4074
LINE 20.0 33.870964 137.4074 38.70968 137.4074
LINE 20.0 69.354836 137.4074 74.193535 137.4074
LINE 20.0 27.419355 138.7037 35.48387 138.7037
LINE 20.0 29.032257 140.0 32.258064 140.0
LINE 20.0 80.6 11.7 85.92413 11.7
LINE 20.0 82.74561 13.0 86.73871 13.0
LINE 20.0 84.49999 14.299998 89.3387 14.299998
LINE 20.0 85.799995 15.599999 90.6387 15.599999
LINE 20.0 88.399994 16.9 91.6258 16.9
LINE 20.0 89.7 18.199999 92.925804 18.199999
LINE 20.0 89.7 19.496304 92.925804 19.496304
LINE 20.0 91.0 20.8 94.22581 20.8
LINE 20.0 91.0 22.048166 94.22581 22.048166
LINE 20.0 77.674995 10.4 84.5 10.4
LINE 20.0 75.399994 9.099999 82.22499 9.099999
LINE 20.0 74.166664 7.7999997 79.5 7.7999997
LINE 20.0 71.5 6.5 76.83333 6.5
LINE 20.0 66.8 5.2 73.46667 5.2
LINE 20.0 65.0 3.8999999 71.5 3.8999999
ENDGROUP
