RECT 0.0 0.0 0.0 24.0 24.0
LINE 0.0 10.0 5.0 10.0 3.0
LINE 0.0 10.0 3.0 14.0 3.0
LINE 0.0 14.0 3.0 14.0 5.0
LINE 0.0 14.0 5.0 16.0 6.0
LINE 0.0 16.0 6.0 18.0 4.0
LINE 0.0 18.0 4.0 20.0 6.0
LINE 0.0 20.0 6.0 18.0 8.0
LINE 0.0 18.0 8.0 19.0 10.000004
LINE 0.0 19.0 10.000004 21.0 10.000004
LINE 0.0 21.0 10.000004 21.0 14.0
LINE 0.0 21.0 14.0 19.0 14.0
LINE 0.0 19.0 14.0 18.0 16.0
LINE 0.0 18.0 16.0 20.0 18.0
LINE 0.0 20.0 18.0 18.0 20.0
LINE 0.0 18.0 20.0 16.0 18.0
LINE 0.0 16.0 18.0 14.0 19.0
LINE 0.0 14.0 19.0 14.0 21.0
LINE 0.0 14.0 21.0 10.0 21.0
LINE 0.0 10.0 21.0 10.0 19.0
LINE 0.0 10.0 19.0 8.0 18.0
LINE 0.0 8.0 18.0 6.0 20.0
LINE 0.0 6.0 20.0 4.0 18.0
LINE 0.0 4.0 18.0 6.0 16.0
LINE 0.0 6.0 16.0 5.0 14.0
LINE 0.0 5.0 14.0 3.0 14.0
LINE 0.0 3.0 14.0 3.0 10.000004
LINE 0.0 3.0 10.000004 5.0 10.000004
LINE 0.0 6.0 8.0 4.0 6.0
LINE 0.0 4.0 6.0 6.0 4.0
LINE 0.0 6.0 4.0 8.0 6.0
LINE 0.0 5.0 10.000004 6.0 8.0
LINE 0.0 8.0 6.0 10.0 5.0
POINT 10.0 0.0 -11.0
CURVE 0.0 12.0 -29.0 5.0 -2.0 -38.0 -9.0 4.0 -32.0 -43.0
