LINE 100 -410 -200 30 -230
LINE 100 190 80 -310 130
GROUP
LINE 100 -130 80 -40 310
LINE 100 -40 310 -20 310
LINE 100 -20 310 50 -20
GROUP
LINE 100 -90 70 -120 120
LINE 100 -310 130 -240 -50
LINE 100 -240 -50 -90 -70
LINE 100 80 -60 -130 80
GROUP
LINE 100 -90 -70 -140 -150
LINE 100 -140 -150 30 -150
LINE 100 30 -150 80 -60
LINE 100 50 -20 80 -90
ENDGROUP
ENDGROUP
ENDGROUP
GROUP
LINE 100 30 -230 -90 70
LINE 100 -120 120 320 160
LINE 100 320 160 190 -90
LINE 100 190 -90 270 -210
LINE 100 270 -210 190 80
ENDGROUP
