LINE 100 -400 -500 500 -500
LINE 100 -400 -460 500 -460
LINE 100 -400 -420 500 -420
LINE 100 -400 -380 500 -380
LINE 100 -400 -340 500 -340
LINE 100 -400 -300 500 -300
LINE 100 -400 -260 500 -260
LINE 100 -400 -220 500 -220
LINE 100 -400 -180 500 -180
LINE 100 -400 -140 500 -140
LINE 100 -400 -100 500 -100
LINE 100 -400 -60 500 -60
LINE 100 -400 -20 500 -20
LINE 100 -400 20 500 20
LINE 100 -400 60 500 60
LINE 100 -400 100 500 100
LINE 100 -400 140 500 140
LINE 100 -400 180 500 180
LINE 100 -400 220 500 220
LINE 100 -400 260 500 260
LINE 100 -400 300 500 300
LINE 100 -400 340 500 340
LINE 100 -400 380 500 380
LINE 100 -400 420 500 420
LINE 100 -400 460 500 460
LINE 100 -400 500 500 500
LINE 100 -500 -480 400 -480
LINE 100 -500 -440 400 -440
LINE 100 -500 -400 400 -400
LINE 100 -500 -360 400 -360
LINE 100 -500 -320 400 -320
LINE 100 -500 -280 400 -280
LINE 100 -500 -240 400 -240
LINE 100 -500 -200 400 -200
LINE 100 -500 -160 400 -160
LINE 100 -500 -120 400 -120
LINE 100 -500 -80 400 -80
LINE 100 -500 -40 400 -40
LINE 100 -500 0 400 0
LINE 100 -500 40 400 40
LINE 100 -500 80 400 80
LINE 100 -500 120 400 120
LINE 100 -500 160 400 160
LINE 100 -500 200 400 200
LINE 100 -500 240 400 240
LINE 100 -500 280 400 280
LINE 100 -500 320 400 320
LINE 100 -500 360 400 360
LINE 100 -500 400 400 400
LINE 100 -500 440 400 440
LINE 100 -500 480 400 480
LINE 100 -500 -480 -500 480
LINE 100 500 -500 500 500
